14264
13805
28736
32231
26762
22974
26138
27003
12695
16715
13583
7027
19065
20735
16279
22429
1890
22067
11966
27650
10867
8935
17918
30933
4946
12892
21110
30786
3026
10096
20676
12252
25735
4508
20423
16199
9013
12698
6138
23746
2749
9471
2237
22117
12383
29797
17184
6862
671
19887
23668
31836
22571
16034
23028
23254
14015
27360
16054
25410
19834
11307
6108
3689
27735
468
16117
30341
16326
2414
25981
11225
31398
24419
11344
4729
2290
31209
3558
18433
1552
12378
8530
21829
31614
25986
26690
5524
22486
32453
22160
10777
32587
17348
10889
26167
16676
30194
2318
18544
21314
20335
22988
5189
26990
26115
8976
5101
26282
22911
20018
31566
1055
12288
31548
22928
14906
31207
30684
16067
8527
1777
1551
1771
28095
27199
6401
17697
21711
13214
27576
9536
25496
22379
30583
26303
14085
20490
3569
5994
22078
16207
1819
13130
25629
2766
31793
10957
16373
15984
